"I am not a bot  No need to  #ReleaseTheMemo
Full document released
#GameOfThrones        #MAGA vs #NWO
#WinterIsComing      #TheStormIsComing 
#WinterIsHere           #TheStormIsUponUs",ns
@neophiyte @terrycrews OH IT HAS ALREADY BEEN BROUGHTEN #GameOfThrones #danceoff ,ns
"#Davos is Iron bank of Braavos in real life, literally. 
#GameOfThrones",ns
My #wcw be #EmiliaClarke #GameOfThrones #shadesonpaper # ,ns
#gots7 #gameofthrones #got #gotseason7 #got8 #hbo #gameofthronesfamily #gameofthronesseason8 #got7 #gameofthroneshbo #valarmorgulis #stark #housestark #winterfell #thenorthremembers #jonsnow #jonsnowlives #kitharington #johnsnow #jonsnowknowsnothing #snow RT please ,ns
"Presenting an Indian version of  @GameOfThrones Soundtrack Cover!!!
If you do enjoy the video please do like, share, comment and subscribe to the channel- 

#Violin #GameOfThrones #cover #music 

",ns
#PeterDinklage Just Got Brutal About The End Of #GameOfThrones &amp;amp; I'm Genuinely Hurt - Refinery29  ,ns
Royal Mail has released a limited edition #GameOfThrones stamp collection  ,ns
"⚡Hurry up, the delivery window is closing!⚡
💕Valentines Day is coming! Make your Lady special!💕
💎Dragon Agate bracelet, #GameofThrones inspired💎
✋unique #handmade item, only 1 available⚡
🛒buy it on #etsy  👇
🛒  

#gift #ValentinesDay #love ",ns
"#BigLittleLies is incredible! 

Haven't hated a character so much since Joffrey in #GameOfThrones like I do now with the one that Alexander Skarsgård plays, what a performance!",ns
@NOWTV Any chance you can extend #GameOfThrones for a week or so? I'm only half way through season 3. I don't know what I'd do if you took it away from me now😭😭,ns
Send a Raven.. Mixed edits.. #GameofThrones and #Chandrakanta Jon Snow and Princess Chandrakanta.. Winter is Here.. ,ns
"Hey, @RoyalMail @RoyalMailStamps #GameOfThrones #GameofThrones7 #GameofThrones8 #royalmail Stamp Collection - Proper awesome! 😁Check them out at 



#fantasy #collector #collectors #Stamps #stamp #Geek #geeks #geekgirls #geekgirl ",ns
When you're reading through a press release that flippantly drops a MASSIVE #GameOfThrones #spoiler (have only just started watching...) #noooooo ,ns
"Game of Thrones 2019 #DisappointMeIn4Words
#GameOfThrones
#GoT",ns
Little Finger's Time Traveling Secret #GameOfThrones ,ns
#GameofThrones season 8: Maisie Williams spills all on ‘divisive’ final ‘It could disappoint’  ,ns
"Whaddya mean 2019?!  #GameOfThrones, #StrangerThings, #LineOfDuty and more of your favourite shows won't return for ages.

 ",ns
"@Taraustralis @1Cunionsandphey @ireland @brianmlucey @ntwamley @DiscoverIreland @IreWithJason @IrelandEmbGB @SignsfromIrl @OrlaFlynnCIT @HiIreland The Start of the nine glens of antrim Glenarm. The glen of the army. Marina, #GameOfThrones jewellery Stately Home Gardens and #tearoom ",ns
Dany and Drogon by Puppy-Chow #gameofthrones #got ,ns
I want a relationship like Samwell and Gilly one day #GameofThrones,ns
@joerogan @nytimes JANUARY 19 US &amp; AFGANISTAN CLASH AT THE UN DAYS LATER US FAKE MEDIA START CALLING THEM PEDOPHILES! #GameOfThrones #type #politics ,ns
This judge during this Larry Nassar case reminds me of Lady Olenna. Can they run this country. #GameOfThrones,ns
This killed me. No pun intended 😝 #Dexter #GameOfThrones ,ns
"Jon Snow (Kit Harington) posing with his beautiful new #GameOfThrones #stamp.
Get it here 👉 
#GoT #GOT7 #Stamps #GameofThrones7 #JonSnow #KitHarington ",ns
Sodexo made a #GameofThrones menu and there are Hot Pie Pot Pies. And Brienne of Tartes. This is a real thing. ,ns
Game of Thrones season 8: Lannister plot AXE exposed - one child SHOULD have survived  #GameofThrones ,ns
#PeterDinklage Just Got Brutal About The End Of #GameOfThrones  ,ns
"Explanation/Exposition of everything covered in ""the Memo""

Chaos in the Swamp  via @YouTube

I am not a bot            #ReleaseTheMemo

#GameOfThrones        #MAGA vs #NWO
#WinterIsComing      #TheStormIsComing 
#WinterIsHere           #TheStormIsUponUs",ns
#GameOfThrones season 8: Maisie Williams teases ‘divisive’ final ‘It could disappoint'  ,ns
Lady Dragon Robot Fighting 2: #gameofthrones #Robot  ,ns
Lady Dragon Robot Fighting 2: #gameofthrones #Robot  ,ns
Lady Dragon Robot Fighting 2: #gameofthrones #Robot  ,ns
Lady Dragon Robot Fighting 2: #gameofthrones #Robot  ,ns
Lady Dragon Robot Fighting 2: #gameofthrones #Robot  ,ns
Lady Dragon Robot Fighting 2: #gameofthrones #Robot  ,ns
Lady Dragon Robot Fighting 2: #gameofthrones #Robot  ,ns
"Chaos in the Swamp  via @YouTube

I am not a bot            #ReleaseTheMemo

#GameOfThrones        #MAGA vs #NWO
#WinterIsComing      #TheStormIsComing 
#WinterIsHere           #TheStormIsUponUs
#JohnSnow                #POTUS",ns
Keeper received her #GameOfThrones 1st day cover and stamps today. #MaisieWilliams #royalmail #HBO. They are really cool.📪,ns
Portrait of the #NightKing from #GameOfThrones daydreaming about #Unicorns and Labbits. ,ns
Most men would rather deny a hard truth than face it #GameOfThrones,ns
I’m sad 😢 that there will be one last season of #GameOfThrones next year on #HBO,ns
#OberynMartell is so sassy LOL @PedroPascal1 #GameOfThrones ,ns
#GameofThrones filming: Get a quick look at the Winterfell set in the thrall of production. Viva season 8.  ,ns
"Find More Here &gt;&gt;&gt;@Game0fThronz
#WinterIsHere #GameOfThrones #GoTs7 ",ns
"Chaos isn't pit, chaos is a ladder 🏹 #GameOfThrones #feels",ns
#GameOfThrones This is #jhonsnow  via @YouTube #funny #montage,ns
Started watching #GameOfThrones I’m on #episode3 and I already don’t like the new Queen and Queen mom...their up to something...#imgoingtofindout,ns
The Night King Goes South: #GameOfThrones Season 8 Predictions ,ns
#Gameofthrones #Khalisee eating hearth funny  via @YouTube,ns
Look what I just got. #GameOfThrones stamps! ,ns
"@RTE_Ents @OfficialAslan @RTELateLateShow @U2 @RTEOne I also 👁@SixOClockShow @TV3Ireland #CookeryClass
I also made #Googlebox audition where I just laugh 😂 😂 👍
ALMOST a #GameOfThrones moment
Billy forgetting the 2 b told #SausageSandwich tale reminds us- having the lions share may not always b2 everyone’s cup of T
Go On
Go On ",ns
@OfficialNTAs This was a surprise win given all the cheers in audience when #GameOfThrones announced as one of the nominees.,ns
"Check out this Game of Thrones Last Jedi Style montage! Definitely worth a watch! *SPOILERS S7 GoT  
#GameOfThrones #LastJedi #GOTs7 #HBO #HBOGO #season8 #KitHarington #JonSnow #EmiliaClarke #daenerystargaryen #StarWars #lenaheadey #SophieTurner   #Montage ",ns
When I go on White Pages the example name it shows is Jon Snow. #whitepages #gameofthrones… ,ns
"#GameOfThrones 
Meera: my brother died for you, Hodor and Summer died for you. I almost died for you. 

Bran: ",ns
How do you mix ancient literature and modern fantasy? @ut_classics prof @Dr_AHL talks teaching her #GCFlag #WrFlag @UGS_UT Signature Course about #classics and #GameofThrones. #GoT  ,ns
A nice addition to my #asongoficeandfire collection 🤓 #gameofthrones #theworldoficeandfire… ,ns
So true. #GameOfThrones ,ns
#GameofThrones season 8: Maisie Williams spills all on ‘divisive’ final ‘It could disappoint’  ,ns
"//
Q: Which character did you think of when you saw this post?
A: I thought of Loki and Theon😂💚 Theon Greyjoy is so handsome in the books☺️🙊
//
#loki #tomhiddleston #gameofthrones #got #asongoficeandfire #asoiaf #theongreyjoy #alfieallen #thor #c…  ",ns
"Only #gameofthrones fans will understand 
Who can write to be the houses on the video?
Let me ",ns
Visit #Croatia with AESU! #GameofThrones #GameofThronesTour ,ns
I don’t even know why I just did this to myself. Watching Hodor die for a second time got me emotional. #GameofThrones #GOT ,ns
"The seventh season has a very nice ending, I'm waiting for the next season with special interest and winning will be for the good ... Please get out of the dream no imagination

@GameOfThrones
#GameOfThrones",ns
Reminder: This is the best #GameofThrones scene ever ,ns
Maisie Williams knows the ending of #GameOfThrones  ,ns
Let’s start with The Starks in Season 1 Of #BlackThrones #GameofThrones #BlackTwitter @FriendZonePod ,ns
"Today, we celebrate the awesome #GameOfThrones with some fantastic framed stamps. ",ns
Drachenschwingen by Scarlet Plume  #knitting #gameofthrones ,ns
Listening to @FriendZonePod and loving the episode! What about a black Game of Thrones ? #BlackThrones #GameofThrones #DemThrones,ns
"RT RealJTP ""RT timparish511: Former FBI Director Comey Caught! Blatantly Lied Under Oath!  via RealJTP
Doug Ross @ Journal: A TIMELINE OF TREASON: How the DNC and FBI Leadership Tried to Fix a Presidential Election 

#GameOfThrones…",ns
All I think about when I hear the president is going to #davos #theonionknight #GameOfThrones ,ns
I wish my jewellery could go to meetings in my place. Not gonna lie: I was inspired by #Daenerys’ bling from #GameofThrones when I beaded this. #BeadingHeals #IndigenousBeads #beads ,ns
"Daenerys arrived to Qarth - “Turn us away and we will burn you first”
#GameOfThrones #ulstermuseum ",ns
No GOT till 2019 #DisappointMeIn4Words #GameOfThrones ,ns
"Amazon has been looking for a show to rival #GameofThrones for a while now. Is 'Britannia,' a new historical fiction drama, the answer? Watch the trailer.  ",ns
Maisie Williams is worried her looks will affect the work she gets after 'Game of Thrones' — Mashable  #GameofThrones ,ns
"Right you are, Joffrey! Here's a bit of #WednesdayWisdom straight from the author of #GameofThrones: ""Never forget what you are, for surely the world will not. Make it your strength. Then it can never be your weakness."" #bookquotes ",ns
"The king in the north, guardian of the wall and ... Well, he's white and a good walker ... But he's one of the good guys! ☺️ Jon Snow model, for the very cool.
Best regards,
Pinto, Your personal shopper 
 #dogs #WinterIsComing #snow #GameOfThrones ",ns
This adorable and slightly wicked Game of Thrones inspired photo shoot between a father and daughter has our hearts melting! #professionalphotographers #professional #photoalbums #sharing #father #daughter #GameofThrones #Winteriscoming  ,ns
An incredible #GameofThrones #hotel made entirely out of ice just opened in Finland — take a look inside  by @BINordic ,ns
"Former FBI Director Comey Caught! Blatantly Lied Under Oath!  via @RealJTP
Doug Ross @ Journal: A TIMELINE OF TREASON: How the DNC and FBI Leadership Tried to Fix a Presidential Election 

#GameOfThrones        #MAGA vs #NWO",ns
Tell them Winter came for House Frey @ Reddit Freefolk #GameOfThronesFinale #GameofThrones Read it here:  ,ns
"Become a King or Queen at the Game of Thrones exhibition in Barcelona @GameOfThrones
@JuegoDeTronosTM

#Barcelona #WednesdayWisdom  #WednesdayMotivation #Catalonia #Travel #Traveller #Blogger #TravelBlog #GameOfThrones 

 ",ns
First season done!!! SO glad I persevered!!! Can I go live with the Dothraki now please?? I'd make such a good Khaleesi #GameOfThrones,ns
"Viciado em Game of thrones!!!!
#GameOfThrones #vizer",ns
"No GoT till 2019 #DisappointMeIn4Words 
#GameOfThrones",ns
Royal Mail 1st class stamps. What a nice idea.... had to buy some. #gameofthrones #jonsnow… ,ns
#GameofThrones ❄️🔥 Check out video from @SmokeScreenVids on Cleganebowl ⚔️AND what is in @theculturefly ALL Game of Thrones themed box. Worth watching this pretty cool video by clicking link below👇 ,ns
Check out our new @theculturefly @GameOfThrones and Nick Box unboxing gallery! #GameofThrones  ,ns
Game of Stoned... Britannia - Episode 1  #Britannia #History #Romans #Celts #Sky #SkyAtlantic #GoT #GameOfThrones,ns
"Never.
The release date is Never.
#GameofThrones ",ns
Preview the New @theculturefly Game of Thrones Subscription Box!  #GameOfThrones #unboxing ,ns
The kind folks over at @theculturefly let me get a peek into their first #GameOfThrones subscription box and it. Is. Amazeballs. ,ns
Maisie Williams is worried her looks will hurt her post-#GameOfThrones career  ,ns
A #GameofThrones fan edited every s7 promo into the most epic trailer yet. HBO - hire him!  ,ns
When you realize what day it is. #GameofThrones #WinterIsHere  ,ns
Maisie Williams is worried her looks will hurt her post-#GameOfThrones career  ,ns
How will be the end of #GameOfThrones ?!!!,ns
Theories on what will happen to the dragons in #GameofThrones season 8 based on their names.  ,ns
"Grand Solar Minimum
dec. solar irradiance
dec strenth magnetic fields
Inc cosmic ray penetration
greater cloud cover
greater activity of silica-rich magma
COOLING
#GameOfThrones       #MAGA vs #NWO
#WinterIsComing      #TheStormIsComing 
#WinterIsHere           #TheStormIsUponUs",ns
"""You know nothing, Khaleesi..."" 
#GameofThrones #GoT #JonSnow #DaenerysTargaryen #drogon #ghost #drawing #allegoryoffiction #karakalem ",ns
Gangs of Wasseypur : #GameofThrones of India,ns
khivju's video  this is so good just had to repost it #GameOfThrones #BehindtheScenes,ns
Theon preparing for season 8. #GameOfThrones ,ns
#GOT Maisie Williams is worried her looks will affect the work she gets after 'Game of Thrones' - Mashable  #Gameofthrones ,ns
"When #GameOfThrones becomes an obsession !
#JonSnow
#YgritteFamousQuote
#KingInTheNorth ",ns
"#GameOfThrones fans no worries, #HBO has you covered with the return of @WestworldHBO  ",ns
It might not be the three-eyed raven - but that does not stop this bird from coming straight out of Game of Thrones! #gameofthrones #bird #birdphotography #wild #lark #larkbird #larkphotography #wildlife #uk #ukphotography #queen #crown ,ns
Doing an art giveaway on my IG account @Obillwon check it out and enter to win!!!  #lotr #lordoftherings #harrypotter #gameofthrones #GOT7 #Hogwarts #HPCelebration #WinterIsComing #artgiveaway ,ns
"
Doug Ross @ Journal: A TIMELINE OF TREASON: How the DNC and FBI Leadership Tried to Fix a Presidential Election 

#GameOfThrones        #MAGA vs #NWO
#WinterIsComing      #TheStormIsComing 
#WinterIsHere           #TheStormIsUponUs",ns
"“A Lannister always pays his debts”
#gameofthrones #jaimelannister #jaime #lannister #lion #art… ",ns
Mongols carrying Clegane banners? This is new. #GameOfThrones ,ns
And OMG Jon Snow is the true heir to the crown 🤴 #GameOfThrones,s
"The bond of the Stark sisters, challenged as it has been over the seasons on #GameOfThrones is a tough one to break ",ns
"Winter is here!

World First: Royal Mail's #GameOfThrones stamps officially released today. Find out more here:  #GoT ",ns
"Battle of Bastards

#TheNorthRemembers #GoT #GameOfThrones #JonSnow ",ns
Royal Mail's #GameOfThrones Stamp Collection Has Been Unveiled ,ns
"So I’ve finally caught up with Game of Thrones and firstly, why is there only 7 episodes in season 7 like WTH #GameOfThrones",ns
#GameOfThrones star #IwanRheon explains the different types of demetiahttps://www.youtube.com/watch?v=HobxLbPhrMc,ns
"The more people you love, the weaker you are .... Love no one but your children. #GameOfThrones",ns
"#GameOfThrones' fearsome strongman comes fist to fist with @AlainMoussi in the unmissable sequel, #KickboxerRetaliation. Available to download from Friday at  ",ns
Winter Woods ORIGINAL ACRYLIC PAINTING 18 x 24  via @Etsy #gameofthrones #winter #art #etsyshop #originalart,ns
"1/24/2018: COFFEE AND FREEDOM: Eyes on the Prize Edition 
 via @YouTube
#GameOfThrones        #MAGA vs #NWO
#WinterIsComing      #TheStormIsComing 
#WinterIsHere           #TheStormIsUponUs
#JohnSnow                #POTUS",ns
"FEMA &amp; World Government Think Tanks Ready for Global Food Shortages: Tim...  via @YouTube
#GameOfThrones        #MAGA vs #NWO
#WinterIsComing      #TheStormIsComing 
#WinterIsHere           #TheStormIsUponUs
#JohnSnow                #POTUS",ns
"Want to know why Westeros has such long winters? Check out this work by @ClimateSamwell, and others, featured in the Guardian. #GameOfThrones #climatechange 
",ns
"Which show would you want to win for best Drama on the #NTAs?

#Liar #GameOfThrones #CallTheMidWife #DoctorFoster #Casualty #NTAs18 @OfficialNTAs 

*Like to vote for Casualty*

#Vote ☑ &amp; 🔁 #Retweet!",ns
"1/23/18 - Mayon Now Level 4 - Snow Records Everywhere - Kusat...  via @YouTube
I am not a bot           #ReleaseTheMemo
#GameOfThrones        #MAGA vs #NWO
#WinterIsComing      #TheStormIsComing 
#WinterIsHere           #TheStormIsUponUs",ns
Ned Stark's death may play vital role in Game of Thrones season 8 episode 1 and 2  #GameofThrones,ns
"We rank the 25 best fantasy TV shows ever made. Where did #GameofThrones, #AmericanGods and #TheWalkingDead land on the list?
",ns
@GameOfThrones @GofTNews Who can pass me the Link of the book Winds of Winter of the #GameofThrones saga I need that book to read many thanks to all who can help me. Quien me puede pasar el Link del libro Vientos de Invierno de la saga #GameofThrones me falta ese libro por leer,ns
The latest The Game Gyrl Daily!  #gameofthrones #got,ns
#gots7 #gameofthrones #got #gotseason7 #got8 #hbo #gameofthronesfamily #gameofthronesseason8 #got7 #gameofthroneshbo #valarmorgulis #stark #housestark #winterfell #thenorthremembers #jonsnow #jonsnowlives #kitharington #johnsnow #jonsnowknowsnothing #snow RT please ,ns
"Big news in SF #GameOfThrones 
Political Uproar as Mark Farrell Replaces London Breed as S.F. Mayor | The California Report | KQED News ",ns
Sign the Petition and make Theon Greyjoy happy again!💗  via @Change #GameOfThrones,ns
GOT back in 2019 🔥😔 #got #GameOfThrones #DisappointMeIn4Words,ns
WIN A Game of Thrones presentation pack courtesy of @RoyalMailStamps in our latest competition #GameOfThrones  ,ns
"#PS4 #pcgamer #Gameplay #XboxOneGame #GameInsight #GamersUnite #GameofThrones #gamers #gameplay #gamereview #GameofGames #callofduty #playstation4 #ps4 #cod #iw #gameplay #gamer #gaming #Walkthrough
suport me   RT this vedio
",ns
"Wave a big Hello to Damien Kivlehan who will take the titular role of 'Jesus of Nazareth' in #BardicSuperstar. 

Read all about Damien including his experience with ITV's #Superstar, BBC's #LetItShine, #GOT, #GameOfThrones and more right here . . .

 ",ns
Chaos is a ... @ Reddit Freefolk #GameOfThronesFinale #GameofThrones Read it here:  ,ns
"""Am I the only one who's completely creeped out by THIS scene? The transformed #girl #story eeeeek!"" #gameofthrones #got ",ns
"Mashable : #JasonMomoa struggled to get work after ' #GameOfThrones ' for 1 very specific reason. 
#racism in #cinema &amp; #movies against #indigenous
",ns
Learn the latest from the set of #GameofThrones season 8: ,ns
#GameofThrones filming: Get a quick look at the Winterfell set in the thrall of production. Viva season 8.  ,ns
"Planing to watch #GameOfThrones since a long time but couldn't and the reasons is 
I am ""Looking Busy,  Doing nothing""
😭
#Game
#Of
#Thrones",ns
"No matter how much i watched the scene when Jon Snow be the King of the North. I still cried. So proud of you, son. #GameofThrones",ns
"No, the ""next Game of Thrones"" won't be the next Game of Thrones #GameofThrones 
  ",ns
"Hadrian built a wall that separated the Roman empires farthest extent, Britannia from the “barbarians” aka white ppl from northern/Central Europe. Hadrian’s wall was the inspiration for “the wall” on #GameofThrones ",ns
Why is #Davos trending? New season of #GameOfThrones coming or what?,ns
"Jon/Sansa: slowly and gently built-up relationship of equal co-rulers with trust and respect for each other

Daenerys/Jon: I'm the queen, bend the knee &amp; boatbang

Now you tell me who the writers are clearly setting up for the endgame

#GameofThrones",s
Calgary judge quotes 'Game of Thrones' in sentencing inmate for attack on guard #gameofthrones ,ns
"Maisie Williams: “[#GameofThrones season 8 is] different to what you think it’s gonna be.” Also, does Arya have a chance for a ""normal"" life after everything she's gone through?  ",ns
Rejected #GameOfThrones Royal Mail stamp 😂😂 (Credit @ThePixelFactor ) ,ns
Ned Stark's death may play vital role in #GameOfThrones season 8 episode 1 and 2  ,ns
"Ok, so now I know what the walk of shame truly means #GameOfThrones",ns
"Jason Momoa Was Jobless After #GoT As People Thought He Didnt Know English 
#GameOfThrones",ns
A HUGE thank you to all 4000 of you. I never thought I would get this far on Youtube. More videos to come! #YouTube #FantasticBeasts #GameOfThrones #LOTR ,ns
Had forgotten how much I love #GameOfThrones @Djawadi_Ramin #GameofThronesLive ,ns
#GameofThrones new designs lots of apparel and products  ,ns
"In the books, Mossador is Missandei's brother. He is not executed by Daenerys. He and another of the Unsullied are crushed to death by falling stones beneath the river wall, dropped on them by the Sons of the Harpy. #cinema #quotes #GameofThrones ",ns
#GameofThrones limited edition stamps released in the UK via @RoyalMail ... did you get yours? Mail is coming. Valar Mailhulis. When you play the game of thrones you send or you receive. I post and I know things. Ok ok I’m done 😂 ,ns
"Finally I finished I watched all seasons of #GameOfThrones 
I can’t wait until the last season 😭😭 #GOT8 #GOT #Jonsnow #motherofdragons #EmiliaClarke @GameOfThrones @emiliaclarke 
❤️❤️❤️ ",ns
#CCXP17 #HBOnaCCXP #GameOfThrones ⚔️ @anakushimizo 🐺 @ CCXP - Comic Con Experience ,ns
Enjoying the craic in #carrickfergus #tours #holidays #titanic #gameofthrones dobbinsinn @… ,ns
Jason Momoa struggled to get work after 'Game of Thrones' for 1 very specific reason — Mashable  #GameOfThrones ,ns
"@PrincessUKmedia

Some fab names here including @MrJamesCosmo
#GameOfThrones

",ns
By what right does the wolf judge the lion? BY WHAT RIGHT? #GameOfThrones,ns
Game Of Thrones CLUE  #GameOfThrones #CLUE ,ns
"@Kenzi_Grey I send them via ravens, mang. Black wings, swift flight. 

#GameOfThrones",ns
"Y'know wat would make F1 great again? If Dothraki &amp; Borg teams entered the sport.

Yup, that'd do it.

#StarTrek #GameofThrones #F1",ns
Maisie Williams admits she's worried her looks will affect her career after #GameofThrones  ,ns
"The Night King to Westeros:

#GameOfThrones ",ns
The latest The Grass is always greener .......!  #gameofthrones,ns
Reading The Norman Conquest by @MookMorris2 and I would swear #GameOfThrones is partly based on this rich history from 1000 years ago minus the dragons...or maybe I didnt get to that part yet lol,ns
Game of Thrones Gaming Pad #gameofthrones #gameofthronesfamily  ,ns
@HassanOE I think your dog has become a White Walker. #gameofthrones,ns
Release the Dragons: GAME OF THRONES Lands on CraveTV  #gameofthrones,ns
"Pick one. 📚📖
#HarryPotter 
#GameOfThrones",ns
I love this song. #GameOfThrones ,ns
This is how #GameofThrones should have ended. Stannis is the one true king. #Stannisthemannis #Westeros ,ns
"Does this look familiar? The famous Game of Thrones TV series is filmed here in Dubrovnik, Croatia. #Croatia2018 #blingtravels #GameofThrones ",ns
Jason Momoa lunches with Lisa Bonet as he talks Game of Thrones &amp; his career  via @MetroUK #GameofThrones,ns
The Song of Ice and Fire 🔥 #Pizza363 #GameOfThrones #Karachi ,ns
Kudos time: the Jon/Sansa relationship is so beautifully developed. They slowly built a tight relationship of mutual trust and respect and overcame any power struggle by learning to work together. Future King &amp; Queen of Westeros it is known #GameOfThrones ,ns
Hold the door !  #GameOfThrones #icerde ,ns
10 #GameOfThrones stars' surprising pasts  ,ns
Catching up on my game of thrones and all I have to say is I love this show 🔥 #GameofThrones,ns
Sophie Turner has already asked BFF and #GameofThrones co-star Maisie Williams to be a bridesmaid at her wedding 👯   #Mophie ,ns
AWW DAENERYS IN HER WHITE COAT FUNKO POP 🙌🏻🙌🏻😍😍❤❤❤ IT LOOKS AWESOME!!!!! #GameOfThrones ,s
"UPDATE, YES HE DID AND IT WAS GLORIOUS. #GameOfThrones #GOT",ns
"Last #Friday, #celebrating my #32nd #birthday #wine #got #gameofthrones #ironthrone… ",ns
"We'd been cheering for @RealGDT's accomplishments. I'd been reading @neilhimself's latest book. We'd been watching #GameOfThrones. I was listening to this  when I read @IssitaLopez's tweet about #UrsulaKLeGuin. It shouldn't affect me so deeply, but it does.",ns
"Last #Friday, #celebrating my #32nd #birthday #wine #got #gameofthrones #ironthrone… ",ns
"Bronn 😅

#GameOfThrones #starkhanesi #GoT ",ns
#GameOfThrones cast given gigantic stamps as official collection launches in #UK ,ns
"My @GameOfThrones stamps have arrived!
#GameOfThrones @Maisie_Williams @SophieT @emiliaclarke @IAMLenaHeadey @nikolajcw ",ns
"Winter is here❄
#HouseSnake #MetalGearSolid  #GoT #MGSV #GameofThrones ",ns
How #GameOfThrones nearly killed Jason Momoa's career -   ,ns
#Britannia on @skyatlantic was part history lesson and part fever dream. Will it fill the #GameOfThrones gap? Read my ep1 review ,ns
"✔Check out ALL of my original gifs! Over 1000 in all! #GameOfThrones #LenaHeadey #Shame
       
↪  ↩ ",ns
"Maisie Williams reflects on the end of #GameofThrones... and that Waif fan theory.

 ",ns
What a view.. @ Reddit Freefolk #GameOfThronesFinale #GameofThrones Read it here:  ,ns
"Film industry so shallow 20yo @Maisie_Williams is worried she is not the rigth kind of beautiful for #Hollywood
#Feminism #sexism #HBO #SpeakUp #GameOfThrones 
",ns
"Ed Sheeran ft. Sandor Clegane - I See Fire
#edsheerangot #GameOfThrones #GameOfThones #GameofThrones7 #got #GoTS7 #got7 #GoTs7ep1 ",ns
"As a modi fan and a GoT fan , Davos means so much to me😍
#Davos #ModiAtDavos #gameofthrones #IndiaMeansBusiness",ns
"I prefer my history dead. Dead history is writ in ink, the living sort in blood. #GameOfThrones",ns
"By popular demand, we've expanded our bestselling officially licensed @GameOfThrones collection! Coming Soon - a selection of fantastic ceramic tankards from our own in-house design team. Pre-order yours wholesale here:  #NemesisNow #GameOfThrones #GoT ",ns
#PeterDinklage talks 'bittersweet' #GameOfThrones season 8 – and why he’s glad it’s the final season  ,ns
Why the climate of Game of Thrones is about more than the arrival of winter  #climatechange #GameOfThrones #GoT,ns
"Another #MassShooting. Imagine if #guns were not created, World War has no existence in history. People would be killing each other using knives and swords, oUCH! Well let just not invent knives &amp; swords too lol. But then it will turn out to #GameOfThrones war. Oh man!",ns
"""With the season finale upon us, let's all take a moment to appreciate this guy..."" #gameofthrones #got ",ns
"Blarg, Kesh pledged allegiance to Matthar! #GameOfThrones",ns
emilia is so freaking cute #GameofThrones #EmiliaClarke #DaenerysTargaryen ,ns
#winteriscoming #gameofthrones Funny Hodor T-Shirt for Men (5 colors)  ,ns
*Kicks Jon Snow's lifeless body* #GameOfThrones,ns
#GameOfThrones South Africa 2K18. #WhiteWalkers ,ns
My life is complete! Game of Thrones stamps to post my Game of Thrones inspired Cards sold via my Etsy store 🙌 #GameOfThrones #etsyshop ,ns
"What's dead may never die . 

#GOT7 #GameOfThrones #ramzibolton #gameofthrones ",ns
I belong to the 1% of people who have never seen an episode of #GameOfThrones,ns
"#WednesdayWisdom Wisdom is watching the war for the Throne on the telly... Intelligence is becoming a part of it...
#GameOfThrones #GameofGames #GoT #GOT7 #GOT7รักเอสโคล่า #RoyalRumble #Royals 
",ns
"*Grey worm walks to his unsullied Friends*

Unsullied: Bruh, did you...

Grey Worm:

#GameOfThrones ",ns
My mom decided to start watching #GameofThrones recently for the first time. She started Saturday morning and is on season 4 Episode 5 as of right now....Amazing.,ns
#aryastark My favorite #GameOfThrones character ,ns
"@Matt_Francis @thewestwingTV It's 16/17 years old now and is still the benchmark against which other shows are judged. As good as #GameOfThrones and #WalkingDead are, they still can't hold a candle to it.",ns
Exeter law grad reveals Lord Neuberger is a huge Game of Thrones fan as he presents ex-Supreme Court president with honorary degree.  #GoT #GameOfThrones via @legalcheek ,ns
"@Prince_mojo_
#SupergirlCW #Arrow #olicity #gameofthrones #wynonnaearp #SophieTurner #olicity #vikings #hinakhan love them all . Please join my youtube  … and my blog, thanks. ",ns
"@Prince_mojo_
#SupergirlCW #Arrow #olicity #gameofthrones #wynonnaearp #SophieTurner #olicity #vikings #hinakhan love them all . Please join my youtube  … and my blog, thanks. ",ns
Maisie Williams is worried her looks will affect the work she gets after 'Game of Thrones'  #Uk #GameOfThrones #Hollywood #MaisieWilliams,ns
"@Prince_mojo_
#Arrow #olicity #gameofthrones #wynonnaearp #SophieTurner #olicity #vikings #hinakhan love them all . Please join my youtube  … and my blog, thanks. ",ns
"@Prince_mojo_
#Arrow #olicity #gameofthrones #wynonnaearp #SophieTurner #olicity love them all . Please join my youtube  … and my blog, thanks. ",ns
"@Prince_mojo_
#Arrow #olicity #gameofthrones #wynonnaearp #SophieTurner #olicity love them all . Please join my youtube  … and my blog, thanks. ",ns
Nice job @RoyalMailStamps #GameOfThrones #GreatAd ,ns
You know nothing... #gameofthrones #london #westmayfair ,ns
"The winter is coming guys, Bom dia! #GOT #GameOfThrones ",ns
@PlanetRockRadio @MotleyCrue Ill be watching as Ramsey Bolton will be in it even though his character was an arsehole and i do realise thats not his real name but he will always be ramsey bolton to me #RamseyBolton #MotleyCrue #Gameofthrones,ns
How does Game of Thrones translate into human rights? 🤔#humanrights #unitednations #gameofthrones ,ns
"High Sparrow: Queen Cersei gets a #Mulligan on having sex with her brother because she gave our church control of King's Landing
#GameOfThrones #StormyAffair #MAGA #WinterIsComing ",ns
"Hello my lords and ladies 
#GameOfThrones #AryaStark ",ns
" #GameOfThrones star cast in Motley Crue film, #TheDirt  ",ns
Daenerys for Vapers by Dmitriy Davidkin #gameofthrones #got ,ns
"Peter Dinklage says #GameOfThrones is ending at the ""perfect time"" -  ",ns
"Maisie Williams (@Maisie_Williams) posing with her beautiful new #GameOfThrones #stamp.
Get it here 👉 
#GoT #GOT7 #MaisieWilliams #Stamps ",ns
#GameofThrones Valyrian steel swords pillow 🗡🛡 #oathkeeper #ice #widowswail #longclaw #heartsbane #GOT #GoTSwords #GoTPillows ,ns
Fan art portrait of Tyrion I made :)  #GameofThrones ,ns
Dany and the wheel @ Reddit Freefolk #GameOfThronesFinale #GameofThrones Read it here:  ,ns
All She Needs is a Killer Soundtrack #GameOfThrones ,ns
"Alongside many other musical guest cameos #GameofThrones has hosted, Will Champion, the drummer for Coldpay, appears in Season 3 Episode 9 at the Red Wedding as a drummer for the Frey's ",ns
"#GameOfThrones Casting Director Nina Gold: “I love discovering unknown actors” …/game-of-thrones-casting-direct…/
 Hands up if you'd love a role in GOT? #Casting",ns
Golden Warrior I” Medieval”Collection 🌎✈️  #vintage #GameofThrones8 #Medieval #jewelry #style #Warriors #GameofThrones #fashionweek ,ns
